00000000000000000000000000000000
00000000111111000000000000000000
00000000000111111110000000000000
00000000000000000111100000000000
00000000000000000000100000000000
00000000000000000001100000000000
00000000000000000011000000000000
00000000000000001110000000000000
00000000000000011100000000000000
00000000000001111000000000000000
00000000000011100000000000000000
00000000001110000000000000000000
00000000111000000000000000000000
00000001110000000000000000000000
00000111000000000000000000000000
00011100000000000000000000000000
00011000000000000000000000000000
00011111111111110000000000000000
00000000010001111111111111000000
00000000000000000000000011111000
00000000000000000000000000011100
00000000000000000000000000001100
00000000000000000000000000001100
00000000000000000000000000011000
00000000000000000000000000110000
00000000000000000000000011100000
00000000000000000000000111000000
00000000000000000000011100000000
00000000000000000000111000000000
00000000000000000011100000000000
00000000000000001110000000000000
00000000000000111100000000000000
