00000000000000000000000000000000
00000000111111100000000000000000
00000000000000111111000000000000
00000000000000000001100000000000
00000000000000000001100000000000
00000000000000000011100000000000
00000000000000001110000000000000
00000000000000111100000000000000
00000000000001110000000000000000
00000000001111000000000000000000
00000000111100000000000000000000
00000001110000000000000000000000
00000111000000000000000000000000
00011100000000000000000000000000
00011100000000000000000000000000
00001111111111111111111100000000
00000000000000000000011111111000
00000000000000000000000000011100
00000000000000000000000000001100
00000000000000000000000000011100
00000000000000000000000000111000
00000000000000000000000001110000
00000000000000000000000111000000
00000000000000000000011110000000
00000000000000000001111000000000
00000000000000000111100000000000
00000000000000011110000000000000
00000000000001111000000000000000
00000000000111100000000000000000
00000000011100000000000000000000
00000001110000000000000000000000
00001111000000000000000000000000
