00000000000000000000000000000000
00000000000000111000000000000000
00000000000001110000000000000000
00000000000011110000000000000001
00000111111111111111111111111111
00000100001110000000000000000000
00000000011100000000000000000000
00000000111000000000000000000000
00000000110000000000000000000000
00000001100000000000000000000000
00000011000000000000000000000000
00000011000000000000000000000000
00000010000000000000000000000000
00000011000000000000000000000000
00000011100000000000000000000000
00000000111000000000000000000000
00000000011110000000000000000000
00000000000111110000000000000000
00000000000000111110000000000000
00000000000000000111111100000000
00000000000000000000001111111000
00000000000000000000000000011111
00000000000000000000000000000000
00000000000000000000000000000000
00000000000000000000000000000000
00000000000000000000000000000000
00000000000000000000000000000000
00000000000000000000000000011111
00000000000000000000111111111000
00000000000000111111111000000000
00000111111111110000000000000000
11111111000000000000000000000000
